# Week 13 — Final Submission Strings (Aggressive Exploitation)
# F1: Exploration retained (unchanged from week 12)
# F2–F8: Exploitation (q=1, no quality gate, no distance selection)

F1: 0.000000-0.599637
F2: 0.884590-0.181143
F3: 0.765789-0.488767-0.425252
F4: 0.407920-0.450408-0.419416-0.430026
F5: 0.999999-0.999999-0.999999-0.999999
F6: 0.430913-0.255998-0.543789-0.701212-0.120000
F7: 0.147303-0.007842-0.630922-0.447673-0.134275-0.957934
F8: 0.090133-0.168530-0.123789-0.183374-0.827649-0.495810-0.188057-0.999999
